baseline: 0.1
calibration_time: 2017-11-15-03-40-39
gain: 0.6000000238418579
k: 27.0
limit: 1.0
radius: 0.0318
trim: 0.03999999910593033
