baseline: 0.1
calibration_time: 2018-03-07-18-50-48
gain: 0.800000011920929
k: 27.0
limit: 1.0
radius: 0.0318
trim: -0.07999999821186066
