baseline: 0.1
calibration_time: 2017-12-30-11-17-18
gain: 0.6000000238418579
k: 27.0
limit: 1.0
radius: 0.0318
trim: 0.017500000074505806
