baseline: 0.1
calibration_time: 2017-11-07-13-06-20
gain: 0.800000011920929
k: 27.0
limit: 1.0
radius: 0.0318
trim: 0.09000000357627869
