baseline: 0.1
calibration_time: 2017-11-14-23-44-00
gain: 0.800000011920929
k: 27.0
limit: 1.0
radius: 0.0318
trim: 0.061000000685453415
