calibration_time: 2018-03-15-09-01-49
gain: 1.32829241112
trim: 0.421447255521
baseline: 4.42938939832
radius: 0.0318
k: 27.0
limit: 1.0