calibration_time: 2018-03-15-09-20-23
gain: 1.36458074649
trim: 0.00530473735225
baseline: -1.76744494449
radius: 0.0318
k: 27.0
limit: 1.0