calibration_time: 2018-03-15-10-01-47
gain: 1.08060684407
trim: -0.273869542679
baseline: -6.72716699011
radius: 0.0318
k: 27.0
limit: 1.0