baseline: 0.1
calibration_time: 2018-03-13-10-32-21
gain: 0.800000011920929
k: 27.0
limit: 1.0
radius: 0.0318
trim: 0.029999999329447746
