calibration_time: 2018-01-17-14-48-25
gain: 1.43376571218
trim: -0.106272566249
baseline: 0.622540077605
radius: 0.0318
k: 27.0
limit: 1.0