baseline: 0.1
calibration_time: 2018-03-07-18-47-23
gain: 0.9100000262260437
k: 27.0
limit: 1.0
radius: 0.0318
trim: -0.05000000074505806
