camera_matrix:
  cols: 3
  data: [342.2097979738942, 0.0, 301.8980850330423, 0.0, 342.233466067782, 221.99986663909849,
    0.0, 0.0, 1.0]
  rows: 3
camera_name: anas/camera_node
distortion_coefficients:
  cols: 5
  data: [-0.3042737308630456, 0.07408019814462397, 0.0011535201232565381, 0.0010757423664735685,
    0.0]
  rows: 1
distortion_model: plumb_bob
image_height: 480
image_width: 640
projection_matrix:
  cols: 4
  data: [245.5054931640625, 0.0, 303.7816038248711, 0.0, 0.0, 277.7267150878906, 213.82324477496513,
    0.0, 0.0, 0.0, 1.0, 0.0]
  rows: 3
rectification_matrix:
  cols: 3
  data: [1.0, 0.0, 0.0, 0.0, 1.0, 0.0, 0.0, 0.0, 1.0]
  rows: 3
