camera_matrix:
  cols: 3
  data: [324.6311630116926, 0.0, 322.86706742061494, 0.0, 324.06821126827776, 226.70212073961585,
    0.0, 0.0, 1.0]
  rows: 3
camera_name: anitradg/camera_node
distortion_coefficients:
  cols: 5
  data: [-0.3116410862940328, 0.08112701611500131, 3.893963892299771e-06, 0.0019181442997163812,
    0.0]
  rows: 1
distortion_model: plumb_bob
image_height: 480
image_width: 640
projection_matrix:
  cols: 4
  data: [237.22117614746094, 0.0, 325.83883638231964, 0.0, 0.0, 254.98385620117188,
    218.94188024837786, 0.0, 0.0, 0.0, 1.0, 0.0]
  rows: 3
rectification_matrix:
  cols: 3
  data: [1.0, 0.0, 0.0, 0.0, 1.0, 0.0, 0.0, 0.0, 1.0]
  rows: 3
