camera_matrix:
  cols: 3
  data: [348.1064832344261, 0.0, 325.36341306390835, 0.0, 344.0659920630209, 250.89343026253013,
    0.0, 0.0, 1.0]
  rows: 3
camera_name: backseatdriver/camera_node
distortion_coefficients:
  cols: 5
  data: [-0.32734702033082863, 0.0849407644498699, -0.004075151812479029, -0.000824624500336752,
    0.0]
  rows: 1
distortion_model: plumb_bob
image_height: 480
image_width: 640
projection_matrix:
  cols: 4
  data: [250.90574645996094, 0.0, 324.49943101999816, 0.0, 0.0, 275.9479675292969,
    252.3299250339278, 0.0, 0.0, 0.0, 1.0, 0.0]
  rows: 3
rectification_matrix:
  cols: 3
  data: [1.0, 0.0, 0.0, 0.0, 1.0, 0.0, 0.0, 0.0, 1.0]
  rows: 3
