camera_matrix:
  cols: 3
  data: [329.56615312750904, 0.0, 319.35663883058845, 0.0, 333.19468012325615, 244.0580522789019,
    0.0, 0.0, 1.0]
  rows: 3
camera_name: backseatdriver/camera_node
distortion_coefficients:
  cols: 5
  data: [-0.2732945541861079, 0.057775166656271686, 0.003112270940641236, 1.9556851814422543e-05,
    0.0]
  rows: 1
distortion_model: plumb_bob
image_height: 480
image_width: 640
projection_matrix:
  cols: 4
  data: [231.6094970703125, 0.0, 319.55036802341056, 0.0, 0.0, 274.6785583496094,
    249.66106173521803, 0.0, 0.0, 0.0, 1.0, 0.0]
  rows: 3
rectification_matrix:
  cols: 3
  data: [1.0, 0.0, 0.0, 0.0, 1.0, 0.0, 0.0, 0.0, 1.0]
  rows: 3
