camera_matrix:
  cols: 3
  data: [333.7806923665648, 0.0, 323.24376241168096, 0.0, 329.40168547348765, 238.92613567960328,
    0.0, 0.0, 1.0]
  rows: 3
camera_name: backseatdriver/camera_node
distortion_coefficients:
  cols: 5
  data: [-0.28815016763946105, 0.061174810044090575, 0.00011675680977070277, 1.5117630247829387e-05,
    0.0]
  rows: 1
distortion_model: plumb_bob
image_height: 480
image_width: 640
projection_matrix:
  cols: 4
  data: [232.36795043945312, 0.0, 322.45674661261, 0.0, 0.0, 265.52655029296875, 238.42845627585848,
    0.0, 0.0, 0.0, 1.0, 0.0]
  rows: 3
rectification_matrix:
  cols: 3
  data: [1.0, 0.0, 0.0, 0.0, 1.0, 0.0, 0.0, 0.0, 1.0]
  rows: 3
