camera_matrix:
  cols: 3
  data: [343.2619985246477, 0.0, 312.6423456028031, 0.0, 341.3137236206461, 230.08746077379448,
    0.0, 0.0, 1.0]
  rows: 3
camera_name: bamboo17/camera_node
distortion_coefficients:
  cols: 5
  data: [-0.2888376980610909, 0.06640066582157773, -0.0025493358370678038, 0.0008979801418630318,
    0.0]
  rows: 1
distortion_model: plumb_bob
image_height: 480
image_width: 640
projection_matrix:
  cols: 4
  data: [243.9845428466797, 0.0, 315.49868086290553, 0.0, 0.0, 280.6394958496094,
    222.29115244927016, 0.0, 0.0, 0.0, 1.0, 0.0]
  rows: 3
rectification_matrix:
  cols: 3
  data: [1.0, 0.0, 0.0, 0.0, 1.0, 0.0, 0.0, 0.0, 1.0]
  rows: 3
