camera_matrix:
  cols: 3
  data: [318.2738390598116, 0.0, 309.9504713840247, 0.0, 315.24426388013234, 224.1963211028565,
    0.0, 0.0, 1.0]
  rows: 3
camera_name: captainquack/camera_node
distortion_coefficients:
  cols: 5
  data: [-0.2563130298719228, 0.04876138661722218, 0.0020963628805962396, 0.0015625345897780825,
    0.0]
  rows: 1
distortion_model: plumb_bob
image_height: 480
image_width: 640
projection_matrix:
  cols: 4
  data: [222.8792266845703, 0.0, 313.7513522612644, 0.0, 0.0, 255.7089080810547, 217.9556207263886,
    0.0, 0.0, 0.0, 1.0, 0.0]
  rows: 3
rectification_matrix:
  cols: 3
  data: [1.0, 0.0, 0.0, 0.0, 1.0, 0.0, 0.0, 0.0, 1.0]
  rows: 3
