camera_matrix:
  cols: 3
  data: [338.5937120114563, 0.0, 295.16517299055914, 0.0, 335.1095135154384, 215.01642433648874,
    0.0, 0.0, 1.0]
  rows: 3
camera_name: chuckie/camera_node
distortion_coefficients:
  cols: 5
  data: [-0.2832065539374823, 0.06469459549921075, 0.004849032506002111, 0.006099106509147205,
    0.0]
  rows: 1
distortion_model: plumb_bob
image_height: 480
image_width: 640
projection_matrix:
  cols: 4
  data: [244.65135192871094, 0.0, 306.17825303389145, 0.0, 0.0, 275.00335693359375,
    208.13786543098104, 0.0, 0.0, 0.0, 1.0, 0.0]
  rows: 3
rectification_matrix:
  cols: 3
  data: [1.0, 0.0, 0.0, 0.0, 1.0, 0.0, 0.0, 0.0, 1.0]
  rows: 3
