camera_matrix:
  cols: 3
  data: [331.9057397389331, 0.0, 313.55295032104624, 0.0, 334.02689845216884, 234.5680479037277,
    0.0, 0.0, 1.0]
  rows: 3
camera_name: chuckie/camera_node
distortion_coefficients:
  cols: 5
  data: [-0.2880884064409504, 0.06406685009187356, 0.001034730985146497, 0.0014939291811813585,
    0.0]
  rows: 1
distortion_model: plumb_bob
image_height: 480
image_width: 640
projection_matrix:
  cols: 4
  data: [235.46575927734375, 0.0, 316.62521564359486, 0.0, 0.0, 272.3354187011719,
    232.81305714054542, 0.0, 0.0, 0.0, 1.0, 0.0]
  rows: 3
rectification_matrix:
  cols: 3
  data: [1.0, 0.0, 0.0, 0.0, 1.0, 0.0, 0.0, 0.0, 1.0]
  rows: 3
