camera_matrix:
  cols: 3
  data: [339.184211727637, 0.0, 317.3447584582294, 0.0, 339.3368410907569, 221.63899583762588,
    0.0, 0.0, 1.0]
  rows: 3
camera_name: daisy/camera_node
distortion_coefficients:
  cols: 5
  data: [-0.28835601857003457, 0.06279320911698, 0.001553739287592901, 2.9421124646296663e-05,
    0.0]
  rows: 1
distortion_model: plumb_bob
image_height: 480
image_width: 640
projection_matrix:
  cols: 4
  data: [238.9279022216797, 0.0, 317.8587699770269, 0.0, 0.0, 277.2823486328125, 213.69870683998306,
    0.0, 0.0, 0.0, 1.0, 0.0]
  rows: 3
rectification_matrix:
  cols: 3
  data: [1.0, 0.0, 0.0, 0.0, 1.0, 0.0, 0.0, 0.0, 1.0]
  rows: 3
