camera_matrix:
  cols: 3
  data: [336.5025729292569, 0.0, 319.3784515331545, 0.0, 338.10405635711516, 226.0934888838948,
    0.0, 0.0, 1.0]
  rows: 3
camera_name: daisy/camera_node
distortion_coefficients:
  cols: 5
  data: [-0.27340846438373545, 0.052417378281042475, -0.0021532864247420847, -0.0022037391819036208,
    0.0]
  rows: 1
distortion_model: plumb_bob
image_height: 480
image_width: 640
projection_matrix:
  cols: 4
  data: [227.44508361816406, 0.0, 317.10113546478897, 0.0, 0.0, 277.7754211425781,
    216.34044157366588, 0.0, 0.0, 0.0, 1.0, 0.0]
  rows: 3
rectification_matrix:
  cols: 3
  data: [1.0, 0.0, 0.0, 0.0, 1.0, 0.0, 0.0, 0.0, 1.0]
  rows: 3
