camera_matrix:
  cols: 3
  data: [328.94164970298976, 0.0, 300.94037141209964, 0.0, 326.8803790949155, 217.98704568185798,
    0.0, 0.0, 1.0]
  rows: 3
camera_name: duckierick/camera_node
distortion_coefficients:
  cols: 5
  data: [-0.2680097862054432, 0.053960783622673834, 0.0009641266460026935, 0.0015629612913629673,
    0.0]
  rows: 1
distortion_model: plumb_bob
image_height: 480
image_width: 640
projection_matrix:
  cols: 4
  data: [230.5832977294922, 0.0, 304.891818533426, 0.0, 0.0, 265.5939636230469, 207.44404031871272,
    0.0, 0.0, 0.0, 1.0, 0.0]
  rows: 3
rectification_matrix:
  cols: 3
  data: [1.0, 0.0, 0.0, 0.0, 1.0, 0.0, 0.0, 0.0, 1.0]
  rows: 3
