camera_matrix:
  cols: 3
  data: [352.37684949225434, 0.0, 326.1199010061669, 0.0, 348.5540212880464, 220.99873979889273,
    0.0, 0.0, 1.0]
  rows: 3
camera_name: duckduckgo/camera_node
distortion_coefficients:
  cols: 5
  data: [-0.27830892341656444, 0.05639663446597658, 0.0035338543776124885, 0.0015341145890850672,
    0.0]
  rows: 1
distortion_model: plumb_bob
image_height: 480
image_width: 640
projection_matrix:
  cols: 4
  data: [244.41676330566406, 0.0, 333.10389830495114, 0.0, 0.0, 291.3705139160156,
    215.66553740197014, 0.0, 0.0, 0.0, 1.0, 0.0]
  rows: 3
rectification_matrix:
  cols: 3
  data: [1.0, 0.0, 0.0, 0.0, 1.0, 0.0, 0.0, 0.0, 1.0]
  rows: 3
