camera_matrix:
  cols: 3
  data: [765.3896486103124, 0.0, 307.20714002872376, 0.0, 766.3640218656506, 226.77862846020201,
    0.0, 0.0, 1.0]
  rows: 3
camera_name: duckie1/camera_node
distortion_coefficients:
  cols: 5
  data: [-1.4134707763430336, 1.754727808585795, -0.017600009275698828, 0.03392987850724361,
    0.0]
  rows: 1
distortion_model: plumb_bob
image_height: 480
image_width: 640
projection_matrix:
  cols: 4
  data: [564.4511108398438, 0.0, 331.4003996720021, 0.0, 0.0, 633.868896484375, 212.76897428154916,
    0.0, 0.0, 0.0, 1.0, 0.0]
  rows: 3
rectification_matrix:
  cols: 3
  data: [1.0, 0.0, 0.0, 0.0, 1.0, 0.0, 0.0, 0.0, 1.0]
  rows: 3
