camera_matrix:
  cols: 3
  data: [440.3316992282182, 0.0, 336.43520061336216, 0.0, 438.9574504326041, 243.17443636300425,
    0.0, 0.0, 1.0]
  rows: 3
camera_name: farmer/camera_node
distortion_coefficients:
  cols: 5
  data: [-0.37118108138768857, 0.1143533716201004, 0.005686929644859567, -0.002809926848333488,
    0.0]
  rows: 1
distortion_model: plumb_bob
image_height: 480
image_width: 640
projection_matrix:
  cols: 4
  data: [333.08563232421875, 0.0, 341.3617418224021, 0.0, 0.0, 381.9290771484375,
    248.19952882481448, 0.0, 0.0, 0.0, 1.0, 0.0]
  rows: 3
rectification_matrix:
  cols: 3
  data: [1.0, 0.0, 0.0, 0.0, 1.0, 0.0, 0.0, 0.0, 1.0]
  rows: 3
