camera_matrix:
  cols: 3
  data: [337.33966343195476, 0.0, 320.1183408348159, 0.0, 336.532794426123, 265.1016157952996,
    0.0, 0.0, 1.0]
  rows: 3
camera_name: foxhunter/camera_node
distortion_coefficients:
  cols: 5
  data: [-0.29238113410987115, 0.06805513854515471, -0.002341297101018675, 0.0013540420634135253,
    0.0]
  rows: 1
distortion_model: plumb_bob
image_height: 480
image_width: 640
projection_matrix:
  cols: 4
  data: [243.28146362304688, 0.0, 322.0870832141991, 0.0, 0.0, 273.0264892578125,
    275.41923610976664, 0.0, 0.0, 0.0, 1.0, 0.0]
  rows: 3
rectification_matrix:
  cols: 3
  data: [1.0, 0.0, 0.0, 0.0, 1.0, 0.0, 0.0, 0.0, 1.0]
  rows: 3
