camera_matrix:
  cols: 3
  data: [335.65754665226615, 0.0, 349.4335875225495, 0.0, 337.22552974540514, 230.85019177246855,
    0.0, 0.0, 1.0]
  rows: 3
camera_name: foxhunter/camera_node
distortion_coefficients:
  cols: 5
  data: [-0.2910953024374794, 0.06424409666563202, 0.0006947227223833545, -0.010279390029616088,
    0.0]
  rows: 1
distortion_model: plumb_bob
image_height: 480
image_width: 640
projection_matrix:
  cols: 4
  data: [234.74244689941406, 0.0, 330.816282980235, 0.0, 0.0, 275.0483093261719, 226.67777601415946,
    0.0, 0.0, 0.0, 1.0, 0.0]
  rows: 3
rectification_matrix:
  cols: 3
  data: [1.0, 0.0, 0.0, 0.0, 1.0, 0.0, 0.0, 0.0, 1.0]
  rows: 3
