camera_matrix:
  cols: 3
  data: [358.2260587872239, 0.0, 311.8932355024875, 0.0, 352.942375999619, 251.30440888525118,
    0.0, 0.0, 1.0]
  rows: 3
camera_name: hugo/camera_node
distortion_coefficients:
  cols: 5
  data: [-0.3127386309268573, 0.08569964958940214, -0.0015306910453122431, 0.0001877640261698789,
    0.0]
  rows: 1
distortion_model: plumb_bob
image_height: 480
image_width: 640
projection_matrix:
  cols: 4
  data: [265.6158447265625, 0.0, 313.42427639065136, 0.0, 0.0, 292.1122741699219,
    254.97213140850363, 0.0, 0.0, 0.0, 1.0, 0.0]
  rows: 3
rectification_matrix:
  cols: 3
  data: [1.0, 0.0, 0.0, 0.0, 1.0, 0.0, 0.0, 0.0, 1.0]
  rows: 3
