camera_matrix:
  cols: 3
  data: [348.9936456534225, 0.0, 341.0821546897357, 0.0, 344.0206632087427, 272.86048146440515,
    0.0, 0.0, 1.0]
  rows: 3
camera_name: hugo/camera_node
distortion_coefficients:
  cols: 5
  data: [-0.28030458983777157, 0.06386364827655538, -0.0005820411119623269, -0.0006481147456687106,
    0.0]
  rows: 1
distortion_model: plumb_bob
image_height: 480
image_width: 640
projection_matrix:
  cols: 4
  data: [255.03114318847656, 0.0, 342.7267374201874, 0.0, 0.0, 282.41748046875, 286.9629344094428,
    0.0, 0.0, 0.0, 1.0, 0.0]
  rows: 3
rectification_matrix:
  cols: 3
  data: [1.0, 0.0, 0.0, 0.0, 1.0, 0.0, 0.0, 0.0, 1.0]
  rows: 3
