camera_matrix:
  cols: 3
  data: [345.8554587831089, 0.0, 343.878295425048, 0.0, 340.039741313121, 240.07152727743227,
    0.0, 0.0, 1.0]
  rows: 3
camera_name: mcquack/camera_node
distortion_coefficients:
  cols: 5
  data: [-0.312436147210218, 0.08634117432308232, -0.0006449460453404317, -0.002000390845609963,
    0.0]
  rows: 1
distortion_model: plumb_bob
image_height: 480
image_width: 640
projection_matrix:
  cols: 4
  data: [256.7892150878906, 0.0, 339.23559868290613, 0.0, 0.0, 276.4833984375, 239.37125769769773,
    0.0, 0.0, 0.0, 1.0, 0.0]
  rows: 3
rectification_matrix:
  cols: 3
  data: [1.0, 0.0, 0.0, 0.0, 1.0, 0.0, 0.0, 0.0, 1.0]
  rows: 3
