camera_matrix:
  cols: 3
  data: [334.7833972452008, 0.0, 299.477211327592, 0.0, 333.6762434988361, 236.65009414254413,
    0.0, 0.0, 1.0]
  rows: 3
camera_name: megabot15/camera_node
distortion_coefficients:
  cols: 5
  data: [-0.2711408653920912, 0.05343075088356043, 0.0009373482552008229, 9.30606768379717e-06,
    0.0]
  rows: 1
distortion_model: plumb_bob
image_height: 480
image_width: 640
projection_matrix:
  cols: 4
  data: [234.1167755126953, 0.0, 297.3567116902814, 0.0, 0.0, 274.8639831542969, 235.95580551854619,
    0.0, 0.0, 0.0, 1.0, 0.0]
  rows: 3
rectification_matrix:
  cols: 3
  data: [1.0, 0.0, 0.0, 0.0, 1.0, 0.0, 0.0, 0.0, 1.0]
  rows: 3
