camera_matrix:
  cols: 3
  data: [378.65716683722565, 0.0, 307.95930064109433, 0.0, 377.36422390661767, 263.5491631378025,
    0.0, 0.0, 1.0]
  rows: 3
camera_name: megabot17/camera_node
distortion_coefficients:
  cols: 5
  data: [-0.36113469133824727, 0.09756764907266507, -0.009894171072723664, 9.80564107527882e-05,
    0.0]
  rows: 1
distortion_model: plumb_bob
image_height: 480
image_width: 640
projection_matrix:
  cols: 4
  data: [267.8377990722656, 0.0, 309.434643305176, 0.0, 0.0, 309.24163818359375, 266.0282515482322,
    0.0, 0.0, 0.0, 1.0, 0.0]
  rows: 3
rectification_matrix:
  cols: 3
  data: [1.0, 0.0, 0.0, 0.0, 1.0, 0.0, 0.0, 0.0, 1.0]
  rows: 3
