camera_matrix:
  cols: 3
  data: [317.79511159383264, 0.0, 298.87201662051314, 0.0, 316.83735325786455, 240.95974414641975,
    0.0, 0.0, 1.0]
  rows: 3
camera_name: megabot15/camera_node
distortion_coefficients:
  cols: 5
  data: [-0.2809393045166348, 0.07838926872687028, 0.00048685738990759573, -0.0005803809613372167,
    0.0]
  rows: 1
distortion_model: plumb_bob
image_height: 480
image_width: 640
projection_matrix:
  cols: 4
  data: [246.5348358154297, 0.0, 298.30478021257477, 0.0, 0.0, 258.2214050292969,
    241.95363517344413, 0.0, 0.0, 0.0, 1.0, 0.0]
  rows: 3
rectification_matrix:
  cols: 3
  data: [1.0, 0.0, 0.0, 0.0, 1.0, 0.0, 0.0, 0.0, 1.0]
  rows: 3
