camera_matrix:
  cols: 3
  data: [335.5609046290931, 0.0, 307.4222542183985, 0.0, 334.0836808433812, 239.62712788855288,
    0.0, 0.0, 1.0]
  rows: 3
camera_name: megabot17/camera_node
distortion_coefficients:
  cols: 5
  data: [-0.2938088927925535, 0.07112926346826479, 0.0018383430852489777, -0.0010855823079313788,
    0.0]
  rows: 1
distortion_model: plumb_bob
image_height: 480
image_width: 640
projection_matrix:
  cols: 4
  data: [243.54473876953125, 0.0, 307.66749948001234, 0.0, 0.0, 272.05731201171875,
    241.5885988471964, 0.0, 0.0, 0.0, 1.0, 0.0]
  rows: 3
rectification_matrix:
  cols: 3
  data: [1.0, 0.0, 0.0, 0.0, 1.0, 0.0, 0.0, 0.0, 1.0]
  rows: 3
