camera_matrix:
  cols: 3
  data: [335.38719879242916, 0.0, 305.3201738342128, 0.0, 335.29336300427303, 212.49256186667668,
    0.0, 0.0, 1.0]
  rows: 3
camera_name: megabot04/camera_node
distortion_coefficients:
  cols: 5
  data: [-0.2770905340971667, 0.05580178655695142, 0.002490511860256321, -0.000236156341178694,
    0.0]
  rows: 1
distortion_model: plumb_bob
image_height: 480
image_width: 640
projection_matrix:
  cols: 4
  data: [232.64312744140625, 0.0, 307.2287435970793, 0.0, 0.0, 272.5699462890625,
    200.8522855156407, 0.0, 0.0, 0.0, 1.0, 0.0]
  rows: 3
rectification_matrix:
  cols: 3
  data: [1.0, 0.0, 0.0, 0.0, 1.0, 0.0, 0.0, 0.0, 1.0]
  rows: 3
