camera_matrix:
  cols: 3
  data: [2543.6695028674194, 0.0, 333.489873124121, 0.0, 1392.7661259578224, 180.6818201233466,
    0.0, 0.0, 1.0]
  rows: 3
camera_name: megabot19/camera_node
distortion_coefficients:
  cols: 5
  data: [-5.576588719684482, 41.17873509220987, 0.024879282890172008, -0.013397614924548216,
    0.0]
  rows: 1
distortion_model: plumb_bob
image_height: 480
image_width: 640
projection_matrix:
  cols: 4
  data: [2310.3935546875, 0.0, 333.868571245519, 0.0, 0.0, 1205.2645263671875, 175.85999714509308,
    0.0, 0.0, 0.0, 1.0, 0.0]
  rows: 3
rectification_matrix:
  cols: 3
  data: [1.0, 0.0, 0.0, 0.0, 1.0, 0.0, 0.0, 0.0, 1.0]
  rows: 3
