camera_matrix:
  cols: 3
  data: [336.60204124384086, 0.0, 305.5628116694571, 0.0, 336.3185464979055, 237.20322388751225,
    0.0, 0.0, 1.0]
  rows: 3
camera_name: megabot15/camera_node
distortion_coefficients:
  cols: 5
  data: [-0.2999764133282569, 0.07393296248446213, 0.0016994922996594487, -0.0007944389734901065,
    0.0]
  rows: 1
distortion_model: plumb_bob
image_height: 480
image_width: 640
projection_matrix:
  cols: 4
  data: [244.12338256835938, 0.0, 305.77307745579674, 0.0, 0.0, 273.2822570800781,
    237.70493908688877, 0.0, 0.0, 0.0, 1.0, 0.0]
  rows: 3
rectification_matrix:
  cols: 3
  data: [1.0, 0.0, 0.0, 0.0, 1.0, 0.0, 0.0, 0.0, 1.0]
  rows: 3
