camera_matrix:
  cols: 3
  data: [339.45731130213983, 0.0, 324.54137742667257, 0.0, 342.2239792803445, 252.5554182161333,
    0.0, 0.0, 1.0]
  rows: 3
camera_name: neo/camera_node
distortion_coefficients:
  cols: 5
  data: [-0.2996164110509319, 0.07379344030627825, 0.0016711963087186884, -0.001318187936286344,
    0.0]
  rows: 1
distortion_model: plumb_bob
image_height: 480
image_width: 640
projection_matrix:
  cols: 4
  data: [246.25009155273438, 0.0, 322.4104172619991, 0.0, 0.0, 279.664794921875, 260.7853722717409,
    0.0, 0.0, 0.0, 1.0, 0.0]
  rows: 3
rectification_matrix:
  cols: 3
  data: [1.0, 0.0, 0.0, 0.0, 1.0, 0.0, 0.0, 0.0, 1.0]
  rows: 3
