camera_matrix:
  cols: 3
  data: [366.1407789261448, 0.0, 340.92969548790194, 0.0, 359.5314280316273, 266.7537305284105,
    0.0, 0.0, 1.0]
  rows: 3
camera_name: megabot10/camera_node
distortion_coefficients:
  cols: 5
  data: [-0.2831531589158772, 0.09797345973879487, -0.015987079233488716, 0.002510155023991807,
    0.0]
  rows: 1
distortion_model: plumb_bob
image_height: 480
image_width: 640
projection_matrix:
  cols: 4
  data: [306.0198059082031, 0.0, 341.5868496927833, 0.0, 0.0, 313.5071716308594, 261.49491419600963,
    0.0, 0.0, 0.0, 1.0, 0.0]
  rows: 3
rectification_matrix:
  cols: 3
  data: [1.0, 0.0, 0.0, 0.0, 1.0, 0.0, 0.0, 0.0, 1.0]
  rows: 3
