camera_matrix:
  cols: 3
  data: [331.5790255092708, 0.0, 312.6144712201103, 0.0, 331.7417432617796, 212.91144876450846,
    0.0, 0.0, 1.0]
  rows: 3
camera_name: megabot09/camera_node
distortion_coefficients:
  cols: 5
  data: [-0.27072252498549476, 0.05573876704576918, -0.0010823680419335148, -0.00040807285705960427,
    0.0]
  rows: 1
distortion_model: plumb_bob
image_height: 480
image_width: 640
projection_matrix:
  cols: 4
  data: [233.72808837890625, 0.0, 312.98715069753234, 0.0, 0.0, 268.8966979980469,
    197.90429981551642, 0.0, 0.0, 0.0, 1.0, 0.0]
  rows: 3
rectification_matrix:
  cols: 3
  data: [1.0, 0.0, 0.0, 0.0, 1.0, 0.0, 0.0, 0.0, 1.0]
  rows: 3
