camera_matrix:
  cols: 3
  data: [337.24727991091953, 0.0, 309.47999994039685, 0.0, 338.01010859259117, 217.75231552088067,
    0.0, 0.0, 1.0]
  rows: 3
camera_name: megabot12/camera_node
distortion_coefficients:
  cols: 5
  data: [-0.26254248712124345, 0.04589548275193118, 0.0014578875126498587, -0.0006217031526092423,
    0.0]
  rows: 1
distortion_model: plumb_bob
image_height: 480
image_width: 640
projection_matrix:
  cols: 4
  data: [227.21343994140625, 0.0, 306.2325629440238, 0.0, 0.0, 279.4677734375, 208.12390263890848,
    0.0, 0.0, 0.0, 1.0, 0.0]
  rows: 3
rectification_matrix:
  cols: 3
  data: [1.0, 0.0, 0.0, 0.0, 1.0, 0.0, 0.0, 0.0, 1.0]
  rows: 3
