camera_matrix:
  cols: 3
  data: [307.8929611695213, 0.0, 320.0244190395184, 0.0, 308.4954692647461, 222.53419194297538,
    0.0, 0.0, 1.0]
  rows: 3
camera_name: megabot07/camera_node
distortion_coefficients:
  cols: 5
  data: [-0.23130511181845181, 0.03979301161168027, 0.005434069361723366, 0.0005002293313664979,
    0.0]
  rows: 1
distortion_model: plumb_bob
image_height: 480
image_width: 640
projection_matrix:
  cols: 4
  data: [215.2230682373047, 0.0, 320.80462737297967, 0.0, 0.0, 255.28225708007812,
    220.22580656709215, 0.0, 0.0, 0.0, 1.0, 0.0]
  rows: 3
rectification_matrix:
  cols: 3
  data: [1.0, 0.0, 0.0, 0.0, 1.0, 0.0, 0.0, 0.0, 1.0]
  rows: 3
