camera_matrix:
  cols: 3
  data: [336.3296822494925, 0.0, 311.60659748905636, 0.0, 335.54766562846993, 232.352771611187,
    0.0, 0.0, 1.0]
  rows: 3
camera_name: megabot12/camera_node
distortion_coefficients:
  cols: 5
  data: [-0.27785926051552245, 0.05707776087987934, -0.0012605027242274043, -0.00194131627819464,
    0.0]
  rows: 1
distortion_model: plumb_bob
image_height: 480
image_width: 640
projection_matrix:
  cols: 4
  data: [233.1405792236328, 0.0, 310.38233682090504, 0.0, 0.0, 275.4482116699219,
    226.8270155170212, 0.0, 0.0, 0.0, 1.0, 0.0]
  rows: 3
rectification_matrix:
  cols: 3
  data: [1.0, 0.0, 0.0, 0.0, 1.0, 0.0, 0.0, 0.0, 1.0]
  rows: 3
