camera_matrix:
  cols: 3
  data: [358.34600271022487, 0.0, 303.4601552159286, 0.0, 351.49287643152695, 245.949278290314,
    0.0, 0.0, 1.0]
  rows: 3
camera_name: driller/camera_node
distortion_coefficients:
  cols: 5
  data: [-0.2609562996959417, 0.04775421220498908, 0.007731579290769478, 0.0018404667921972902,
    0.0]
  rows: 1
distortion_model: plumb_bob
image_height: 480
image_width: 640
projection_matrix:
  cols: 4
  data: [254.24801635742188, 0.0, 294.0137914911902, 0.0, 0.0, 297.5943603515625,
    256.0035074864936, 0.0, 0.0, 0.0, 1.0, 0.0]
  rows: 3
rectification_matrix:
  cols: 3
  data: [1.0, 0.0, 0.0, 0.0, 1.0, 0.0, 0.0, 0.0, 1.0]
  rows: 3
