camera_matrix:
  cols: 3
  data: [336.3931654236505, 0.0, 320.67924788613783, 0.0, 336.288087223724, 214.98080818415107,
    0.0, 0.0, 1.0]
  rows: 3
camera_name: paco/camera_node
distortion_coefficients:
  cols: 5
  data: [-0.27130155582652565, 0.051597034427445544, 0.0017309746977811598, 0.0018119860443181607,
    0.0]
  rows: 1
distortion_model: plumb_bob
image_height: 480
image_width: 640
projection_matrix:
  cols: 4
  data: [229.584716796875, 0.0, 322.67188976041507, 0.0, 0.0, 275.2174377441406, 203.88982769122777,
    0.0, 0.0, 0.0, 1.0, 0.0]
  rows: 3
rectification_matrix:
  cols: 3
  data: [1.0, 0.0, 0.0, 0.0, 1.0, 0.0, 0.0, 0.0, 1.0]
  rows: 3
