camera_matrix:
  cols: 3
  data: [351.5494537273501, 0.0, 325.04332794355764, 0.0, 349.9996391201152, 216.5322022349271,
    0.0, 0.0, 1.0]
  rows: 3
camera_name: paco/camera_node
distortion_coefficients:
  cols: 5
  data: [-0.2660866001909861, 0.04981616516064165, 0.0016284093175135343, 0.0010920162379783533,
    0.0]
  rows: 1
distortion_model: plumb_bob
image_height: 480
image_width: 640
projection_matrix:
  cols: 4
  data: [242.7651824951172, 0.0, 332.91034399287855, 0.0, 0.0, 294.2987976074219,
    207.78025750753113, 0.0, 0.0, 0.0, 1.0, 0.0]
  rows: 3
rectification_matrix:
  cols: 3
  data: [1.0, 0.0, 0.0, 0.0, 1.0, 0.0, 0.0, 0.0, 1.0]
  rows: 3
