camera_matrix:
  cols: 3
  data: [334.3318567261814, 0.0, 312.5851343330861, 0.0, 328.88860882670326, 238.94754673751336,
    0.0, 0.0, 1.0]
  rows: 3
camera_name: pathfinder/camera_node
distortion_coefficients:
  cols: 5
  data: [-0.2714140774553553, 0.058622687848455625, 0.0003154682587882325, -0.003452899013476164,
    0.0]
  rows: 1
distortion_model: plumb_bob
image_height: 480
image_width: 640
projection_matrix:
  cols: 4
  data: [238.44537353515625, 0.0, 307.589122032703, 0.0, 0.0, 270.6249084472656, 238.7727490684374,
    0.0, 0.0, 0.0, 1.0, 0.0]
  rows: 3
rectification_matrix:
  cols: 3
  data: [1.0, 0.0, 0.0, 0.0, 1.0, 0.0, 0.0, 0.0, 1.0]
  rows: 3
