camera_matrix:
  cols: 3
  data: [333.31903061353376, 0.0, 307.4413968422887, 0.0, 332.32586237757613, 221.8901940073429,
    0.0, 0.0, 1.0]
  rows: 3
camera_name: raven/camera_node
distortion_coefficients:
  cols: 5
  data: [-0.27591341061022123, 0.05786775920963363, 0.0006176634047443593, 0.0009946685820232128,
    0.0]
  rows: 1
distortion_model: plumb_bob
image_height: 480
image_width: 640
projection_matrix:
  cols: 4
  data: [234.47569274902344, 0.0, 311.02578684719265, 0.0, 0.0, 271.392333984375,
    213.10355315155175, 0.0, 0.0, 0.0, 1.0, 0.0]
  rows: 3
rectification_matrix:
  cols: 3
  data: [1.0, 0.0, 0.0, 0.0, 1.0, 0.0, 0.0, 0.0, 1.0]
  rows: 3
