camera_matrix:
  cols: 3
  data: [334.97113636818426, 0.0, 317.5796666659935, 0.0, 331.0306693658586, 226.6214990943359,
    0.0, 0.0, 1.0]
  rows: 3
camera_name: sam/camera_node
distortion_coefficients:
  cols: 5
  data: [-0.27063882857897253, 0.05417913778795302, 0.0011533349678215182, 0.0014409579936046594,
    0.0]
  rows: 1
distortion_model: plumb_bob
image_height: 480
image_width: 640
projection_matrix:
  cols: 4
  data: [232.01803588867188, 0.0, 320.24211428112176, 0.0, 0.0, 271.7703552246094,
    220.87629726642263, 0.0, 0.0, 0.0, 1.0, 0.0]
  rows: 3
rectification_matrix:
  cols: 3
  data: [1.0, 0.0, 0.0, 0.0, 1.0, 0.0, 0.0, 0.0, 1.0]
  rows: 3
