camera_matrix:
  cols: 3
  data: [337.534333381838, 0.0, 319.56832684926076, 0.0, 337.1636464115652, 218.72099461144973,
    0.0, 0.0, 1.0]
  rows: 3
camera_name: sam/camera_node
distortion_coefficients:
  cols: 5
  data: [-0.2674085937901059, 0.05245225338204395, 0.001785090439041724, 6.272371693219547e-05,
    0.0]
  rows: 1
distortion_model: plumb_bob
image_height: 480
image_width: 640
projection_matrix:
  cols: 4
  data: [232.4726104736328, 0.0, 319.7833601280763, 0.0, 0.0, 279.1527099609375, 210.2533105108305,
    0.0, 0.0, 0.0, 1.0, 0.0]
  rows: 3
rectification_matrix:
  cols: 3
  data: [1.0, 0.0, 0.0, 0.0, 1.0, 0.0, 0.0, 0.0, 1.0]
  rows: 3
