camera_matrix:
  cols: 3
  data: [339.6854083868133, 0.0, 309.4789414781603, 0.0, 335.98309112578653, 243.14453352109774,
    0.0, 0.0, 1.0]
  rows: 3
camera_name: scbb/camera_node
distortion_coefficients:
  cols: 5
  data: [-0.27469159722093517, 0.054382011407255446, 0.001869279573232489, 0.002230150666430577,
    0.0]
  rows: 1
distortion_model: plumb_bob
image_height: 480
image_width: 640
projection_matrix:
  cols: 4
  data: [231.5923614501953, 0.0, 313.35935611361856, 0.0, 0.0, 276.9214782714844,
    246.94620769703033, 0.0, 0.0, 0.0, 1.0, 0.0]
  rows: 3
rectification_matrix:
  cols: 3
  data: [1.0, 0.0, 0.0, 0.0, 1.0, 0.0, 0.0, 0.0, 1.0]
  rows: 3
