camera_matrix:
  cols: 3
  data: [337.27528732814227, 0.0, 331.1903596380628, 0.0, 334.41950735662476, 246.80442900695877,
    0.0, 0.0, 1.0]
  rows: 3
camera_name: schumi/camera_node
distortion_coefficients:
  cols: 5
  data: [-0.2742240720054958, 0.053618292858172316, -0.003346438936590533, 0.00048139344811691797,
    0.0]
  rows: 1
distortion_model: plumb_bob
image_height: 480
image_width: 640
projection_matrix:
  cols: 4
  data: [231.39308166503906, 0.0, 331.4248008084487, 0.0, 0.0, 275.1482238769531,
    246.61448876188297, 0.0, 0.0, 0.0, 1.0, 0.0]
  rows: 3
rectification_matrix:
  cols: 3
  data: [1.0, 0.0, 0.0, 0.0, 1.0, 0.0, 0.0, 0.0, 1.0]
  rows: 3
