camera_matrix:
  cols: 3
  data: [334.2336701917637, 0.0, 318.9379328311671, 0.0, 331.8401025220812, 246.53629188971377,
    0.0, 0.0, 1.0]
  rows: 3
camera_name: student24/camera_node
distortion_coefficients:
  cols: 5
  data: [-0.2866129098647973, 0.06644835352624615, -0.0030929491427885694, 0.0007946406286749613,
    0.0]
  rows: 1
distortion_model: plumb_bob
image_height: 480
image_width: 640
projection_matrix:
  cols: 4
  data: [241.8076171875, 0.0, 320.2005883839447, 0.0, 0.0, 271.07305908203125, 246.36599770401517,
    0.0, 0.0, 0.0, 1.0, 0.0]
  rows: 3
rectification_matrix:
  cols: 3
  data: [1.0, 0.0, 0.0, 0.0, 1.0, 0.0, 0.0, 0.0, 1.0]
  rows: 3
