camera_matrix:
  cols: 3
  data: [342.7607404881392, 0.0, 320.3001048392974, 0.0, 341.95086892868727, 244.50910204874168,
    0.0, 0.0, 1.0]
  rows: 3
camera_name: student21/camera_node
distortion_coefficients:
  cols: 5
  data: [-0.32941122603029194, 0.09992582130684412, -0.003405132702333004, -0.0001719983525267298,
    0.0]
  rows: 1
distortion_model: plumb_bob
image_height: 480
image_width: 640
projection_matrix:
  cols: 4
  data: [260.96295166015625, 0.0, 320.08593937208934, 0.0, 0.0, 276.78106689453125,
    242.8718550884987, 0.0, 0.0, 0.0, 1.0, 0.0]
  rows: 3
rectification_matrix:
  cols: 3
  data: [1.0, 0.0, 0.0, 0.0, 1.0, 0.0, 0.0, 0.0, 1.0]
  rows: 3
