camera_matrix:
  cols: 3
  data: [390.6230743004614, 0.0, 319.7651011597369, 0.0, 390.45149607510353, 264.0889501039387,
    0.0, 0.0, 1.0]
  rows: 3
camera_name: student22/camera_node
distortion_coefficients:
  cols: 5
  data: [-0.31252247790458987, 0.07831078972141012, -0.004361370968383953, -0.002596545222467583,
    0.0]
  rows: 1
distortion_model: plumb_bob
image_height: 480
image_width: 640
projection_matrix:
  cols: 4
  data: [286.258544921875, 0.0, 313.5698895266978, 0.0, 0.0, 335.2997131347656, 269.50091448175226,
    0.0, 0.0, 0.0, 1.0, 0.0]
  rows: 3
rectification_matrix:
  cols: 3
  data: [1.0, 0.0, 0.0, 0.0, 1.0, 0.0, 0.0, 0.0, 1.0]
  rows: 3
