camera_matrix:
  cols: 3
  data: [332.8052941854342, 0.0, 300.04531192528844, 0.0, 332.5938391649168, 238.92278136076484,
    0.0, 0.0, 1.0]
  rows: 3
camera_name: student23/camera_node
distortion_coefficients:
  cols: 5
  data: [-0.295815212565903, 0.06665288241978531, -0.0005101086667841005, 0.0017446701288763927,
    0.0]
  rows: 1
distortion_model: plumb_bob
image_height: 480
image_width: 640
projection_matrix:
  cols: 4
  data: [233.56336975097656, 0.0, 304.6736391874074, 0.0, 0.0, 267.85540771484375,
    237.65332316330023, 0.0, 0.0, 0.0, 1.0, 0.0]
  rows: 3
rectification_matrix:
  cols: 3
  data: [1.0, 0.0, 0.0, 0.0, 1.0, 0.0, 0.0, 0.0, 1.0]
  rows: 3
