camera_matrix:
  cols: 3
  data: [337.6707735338335, 0.0, 310.2300098451921, 0.0, 336.23807128488977, 251.2138512137876,
    0.0, 0.0, 1.0]
  rows: 3
camera_name: student29/camera_node
distortion_coefficients:
  cols: 5
  data: [-0.3014900653407388, 0.07362088548748519, 0.0007638507175466517, 0.00015290027530072582,
    0.0]
  rows: 1
distortion_model: plumb_bob
image_height: 480
image_width: 640
projection_matrix:
  cols: 4
  data: [243.8888702392578, 0.0, 310.8339840904573, 0.0, 0.0, 271.7679443359375, 258.224300699032,
    0.0, 0.0, 0.0, 1.0, 0.0]
  rows: 3
rectification_matrix:
  cols: 3
  data: [1.0, 0.0, 0.0, 0.0, 1.0, 0.0, 0.0, 0.0, 1.0]
  rows: 3
