camera_matrix:
  cols: 3
  data: [363.3664572089155, 0.0, 313.7934680182813, 0.0, 359.7595283304883, 238.20930771272694,
    0.0, 0.0, 1.0]
  rows: 3
camera_name: student22/camera_node
distortion_coefficients:
  cols: 5
  data: [-0.28612839338833596, 0.0517154857344227, -0.008178770426796347, 0.002046794340048141,
    0.0]
  rows: 1
distortion_model: plumb_bob
image_height: 480
image_width: 640
projection_matrix:
  cols: 4
  data: [240.5263214111328, 0.0, 313.82212192785664, 0.0, 0.0, 301.20697021484375,
    229.09961060222486, 0.0, 0.0, 0.0, 1.0, 0.0]
  rows: 3
rectification_matrix:
  cols: 3
  data: [1.0, 0.0, 0.0, 0.0, 1.0, 0.0, 0.0, 0.0, 1.0]
  rows: 3
