camera_matrix:
  cols: 3
  data: [352.81398866778113, 0.0, 330.47321208190584, 0.0, 352.88969133165415, 245.9438969216523,
    0.0, 0.0, 1.0]
  rows: 3
camera_name: student09/camera_node
distortion_coefficients:
  cols: 5
  data: [-0.288374979898906, 0.0708907073298152, -0.005019754314818527, -0.004358284776643118,
    0.0]
  rows: 1
distortion_model: plumb_bob
image_height: 480
image_width: 640
projection_matrix:
  cols: 4
  data: [257.1041564941406, 0.0, 322.35070265714967, 0.0, 0.0, 297.4596252441406,
    243.59418729220488, 0.0, 0.0, 0.0, 1.0, 0.0]
  rows: 3
rectification_matrix:
  cols: 3
  data: [1.0, 0.0, 0.0, 0.0, 1.0, 0.0, 0.0, 0.0, 1.0]
  rows: 3
