camera_matrix:
  cols: 3
  data: [322.81573562072555, 0.0, 285.4352633083327, 0.0, 320.58259925051266, 225.69201962579402,
    0.0, 0.0, 1.0]
  rows: 3
camera_name: student20/camera_node
distortion_coefficients:
  cols: 5
  data: [-0.3096310884988211, 0.06881876261754657, -0.003664665075796444, -0.001161705284258993,
    0.0]
  rows: 1
distortion_model: plumb_bob
image_height: 480
image_width: 640
projection_matrix:
  cols: 4
  data: [224.09217834472656, 0.0, 284.18465350818224, 0.0, 0.0, 241.44830322265625,
    209.18757266697867, 0.0, 0.0, 0.0, 1.0, 0.0]
  rows: 3
rectification_matrix:
  cols: 3
  data: [1.0, 0.0, 0.0, 0.0, 1.0, 0.0, 0.0, 0.0, 1.0]
  rows: 3
