camera_matrix:
  cols: 3
  data: [334.67920114785335, 0.0, 323.79634614132806, 0.0, 334.29850746291476, 228.65449268913778,
    0.0, 0.0, 1.0]
  rows: 3
camera_name: student16/camera_node
distortion_coefficients:
  cols: 5
  data: [-0.2980893461261898, 0.07285885860365372, -0.0006237372728910337, -0.0004126463399247049,
    0.0]
  rows: 1
distortion_model: plumb_bob
image_height: 480
image_width: 640
projection_matrix:
  cols: 4
  data: [243.0281219482422, 0.0, 323.2441000376184, 0.0, 0.0, 270.60540771484375,
    221.82696332671185, 0.0, 0.0, 0.0, 1.0, 0.0]
  rows: 3
rectification_matrix:
  cols: 3
  data: [1.0, 0.0, 0.0, 0.0, 1.0, 0.0, 0.0, 0.0, 1.0]
  rows: 3
