camera_matrix:
  cols: 3
  data: [341.0764550485305, 0.0, 326.484574294241, 0.0, 340.3240766701851, 217.3982407190309,
    0.0, 0.0, 1.0]
  rows: 3
camera_name: student16/camera_node
distortion_coefficients:
  cols: 5
  data: [-0.3164043795753917, 0.08581184303553809, 0.004986328743820942, -0.0008488173165647655,
    0.0]
  rows: 1
distortion_model: plumb_bob
image_height: 480
image_width: 640
projection_matrix:
  cols: 4
  data: [252.94781494140625, 0.0, 326.08888168439444, 0.0, 0.0, 275.553466796875,
    211.53829493957164, 0.0, 0.0, 0.0, 1.0, 0.0]
  rows: 3
rectification_matrix:
  cols: 3
  data: [1.0, 0.0, 0.0, 0.0, 1.0, 0.0, 0.0, 0.0, 1.0]
  rows: 3
