camera_matrix:
  cols: 3
  data: [337.1613598660426, 0.0, 309.65326324924024, 0.0, 336.0296938940621, 220.20315838300317,
    0.0, 0.0, 1.0]
  rows: 3
camera_name: student25/camera_node
distortion_coefficients:
  cols: 5
  data: [-0.27090827194494405, 0.04955629825610113, 0.0023339316619664725, -0.0008029955843416745,
    0.0]
  rows: 1
distortion_model: plumb_bob
image_height: 480
image_width: 640
projection_matrix:
  cols: 4
  data: [227.8785400390625, 0.0, 309.8765690566361, 0.0, 0.0, 275.69012451171875,
    212.20041168961325, 0.0, 0.0, 0.0, 1.0, 0.0]
  rows: 3
rectification_matrix:
  cols: 3
  data: [1.0, 0.0, 0.0, 0.0, 1.0, 0.0, 0.0, 0.0, 1.0]
  rows: 3
