camera_matrix:
  cols: 3
  data: [347.4269937122543, 0.0, 332.4183230282228, 0.0, 347.2100228540955, 231.91520990201292,
    0.0, 0.0, 1.0]
  rows: 3
camera_name: student12/camera_node
distortion_coefficients:
  cols: 5
  data: [-0.2754181532341281, 0.05854177683036943, -0.0029836518518678973, -0.0036203087678799025,
    0.0]
  rows: 1
distortion_model: plumb_bob
image_height: 480
image_width: 640
projection_matrix:
  cols: 4
  data: [243.99729919433594, 0.0, 329.60697684799743, 0.0, 0.0, 290.97393798828125,
    225.19141714125362, 0.0, 0.0, 0.0, 1.0, 0.0]
  rows: 3
rectification_matrix:
  cols: 3
  data: [1.0, 0.0, 0.0, 0.0, 1.0, 0.0, 0.0, 0.0, 1.0]
  rows: 3
