camera_matrix:
  cols: 3
  data: [344.53282663697786, 0.0, 313.0777957671955, 0.0, 341.6680367636523, 238.9285432471197,
    0.0, 0.0, 1.0]
  rows: 3
camera_name: student22/camera_node
distortion_coefficients:
  cols: 5
  data: [-0.25980692751713663, 0.042213278644654184, -0.005839623487674732, 0.0014701477760484867,
    0.0]
  rows: 1
distortion_model: plumb_bob
image_height: 480
image_width: 640
projection_matrix:
  cols: 4
  data: [225.8831329345703, 0.0, 310.3839596782018, 0.0, 0.0, 286.00335693359375,
    232.16731480153612, 0.0, 0.0, 0.0, 1.0, 0.0]
  rows: 3
rectification_matrix:
  cols: 3
  data: [1.0, 0.0, 0.0, 0.0, 1.0, 0.0, 0.0, 0.0, 1.0]
  rows: 3
