camera_matrix:
  cols: 3
  data: [332.7474161141212, 0.0, 293.7177910078403, 0.0, 331.3900086231099, 229.89423845171603,
    0.0, 0.0, 1.0]
  rows: 3
camera_name: student22/camera_node
distortion_coefficients:
  cols: 5
  data: [-0.28837365170399265, 0.06633690007364784, -0.0010171150599157667, 0.001974048561618364,
    0.0]
  rows: 1
distortion_model: plumb_bob
image_height: 480
image_width: 640
projection_matrix:
  cols: 4
  data: [238.3489990234375, 0.0, 298.572055763143, 0.0, 0.0, 268.1814270019531, 223.17588152171993,
    0.0, 0.0, 0.0, 1.0, 0.0]
  rows: 3
rectification_matrix:
  cols: 3
  data: [1.0, 0.0, 0.0, 0.0, 1.0, 0.0, 0.0, 0.0, 1.0]
  rows: 3
