camera_matrix:
  cols: 3
  data: [340.87624865212786, 0.0, 297.03636894492837, 0.0, 342.592183933588, 222.03097735777263,
    0.0, 0.0, 1.0]
  rows: 3
camera_name: student26/camera_node
distortion_coefficients:
  cols: 5
  data: [-0.2648587724482365, 0.043257601688326895, 0.00433201847369446, 0.0033958767484899427,
    0.0]
  rows: 1
distortion_model: plumb_bob
image_height: 480
image_width: 640
projection_matrix:
  cols: 4
  data: [227.6044464111328, 0.0, 295.10283220441124, 0.0, 0.0, 285.4170837402344,
    217.54403300659942, 0.0, 0.0, 0.0, 1.0, 0.0]
  rows: 3
rectification_matrix:
  cols: 3
  data: [1.0, 0.0, 0.0, 0.0, 1.0, 0.0, 0.0, 0.0, 1.0]
  rows: 3
