camera_matrix:
  cols: 3
  data: [342.5322275979078, 0.0, 286.4265874323543, 0.0, 343.88631919147326, 217.51297003438816,
    0.0, 0.0, 1.0]
  rows: 3
camera_name: student36/camera_node
distortion_coefficients:
  cols: 5
  data: [-0.3177060176462421, 0.07756997853635075, -0.0018445980991383794, 0.006996108262827037,
    0.0]
  rows: 1
distortion_model: plumb_bob
image_height: 480
image_width: 640
projection_matrix:
  cols: 4
  data: [242.9018096923828, 0.0, 297.1362193971727, 0.0, 0.0, 272.4826354980469, 202.45894289915486,
    0.0, 0.0, 0.0, 1.0, 0.0]
  rows: 3
rectification_matrix:
  cols: 3
  data: [1.0, 0.0, 0.0, 0.0, 1.0, 0.0, 0.0, 0.0, 1.0]
  rows: 3
