camera_matrix:
  cols: 3
  data: [348.7634525723041, 0.0, 300.3973676419467, 0.0, 343.7849383648426, 243.15522115398625,
    0.0, 0.0, 1.0]
  rows: 3
camera_name: tianlu/camera_node
distortion_coefficients:
  cols: 5
  data: [-0.30954036479700314, 0.07700420840661998, 0.00016180791751774874, 0.001596115835921684,
    0.0]
  rows: 1
distortion_model: plumb_bob
image_height: 480
image_width: 640
projection_matrix:
  cols: 4
  data: [249.79908752441406, 0.0, 305.25776129040787, 0.0, 0.0, 279.6726379394531,
    245.0407194609761, 0.0, 0.0, 0.0, 1.0, 0.0]
  rows: 3
rectification_matrix:
  cols: 3
  data: [1.0, 0.0, 0.0, 0.0, 1.0, 0.0, 0.0, 0.0, 1.0]
  rows: 3
