camera_matrix:
  cols: 3
  data: [353.76899331223376, 0.0, 316.4998566432377, 0.0, 357.1003151794604, 237.39056611676412,
    0.0, 0.0, 1.0]
  rows: 3
camera_name: vickie/camera_node
distortion_coefficients:
  cols: 5
  data: [-0.2778531118170681, 0.05398525115323625, -0.0014980392748338174, -0.001990919278312781,
    0.0]
  rows: 1
distortion_model: plumb_bob
image_height: 480
image_width: 640
projection_matrix:
  cols: 4
  data: [240.69737243652344, 0.0, 307.15682449912856, 0.0, 0.0, 302.1119384765625,
    234.76348831498035, 0.0, 0.0, 0.0, 1.0, 0.0]
  rows: 3
rectification_matrix:
  cols: 3
  data: [1.0, 0.0, 0.0, 0.0, 1.0, 0.0, 0.0, 0.0, 1.0]
  rows: 3
