camera_matrix:
  cols: 3
  data: [334.0651290324738, 0.0, 317.89095778802334, 0.0, 339.6164429446654, 223.3410729798309,
    0.0, 0.0, 1.0]
  rows: 3
camera_name: vickie/camera_node
distortion_coefficients:
  cols: 5
  data: [-0.2608769308037263, 0.047877611224338146, 0.004912441987018445, -0.0012064228274544311,
    0.0]
  rows: 1
distortion_model: plumb_bob
image_height: 480
image_width: 640
projection_matrix:
  cols: 4
  data: [225.6654052734375, 0.0, 315.32708726053534, 0.0, 0.0, 285.0594482421875,
    220.6220942929358, 0.0, 0.0, 0.0, 1.0, 0.0]
  rows: 3
rectification_matrix:
  cols: 3
  data: [1.0, 0.0, 0.0, 0.0, 1.0, 0.0, 0.0, 0.0, 1.0]
  rows: 3
