camera_matrix:
  cols: 3
  data: [339.35153679609317, 0.0, 319.42835089335784, 0.0, 342.2710971126846, 223.80454927598402,
    0.0, 0.0, 1.0]
  rows: 3
camera_name: vickie/camera_node
distortion_coefficients:
  cols: 5
  data: [-0.2779339711669591, 0.05900497354520754, 0.003714506355269146, -0.001573907201824899,
    0.0]
  rows: 1
distortion_model: plumb_bob
image_height: 480
image_width: 640
projection_matrix:
  cols: 4
  data: [238.38671875, 0.0, 317.30763501208276, 0.0, 0.0, 284.8717041015625, 219.94496904026164,
    0.0, 0.0, 0.0, 1.0, 0.0]
  rows: 3
rectification_matrix:
  cols: 3
  data: [1.0, 0.0, 0.0, 0.0, 1.0, 0.0, 0.0, 0.0, 1.0]
  rows: 3
