camera_matrix:
  cols: 3
  data: [329.006990625678, 0.0, 314.1026790202081, 0.0, 332.23809119320595, 239.78731801447884,
    0.0, 0.0, 1.0]
  rows: 3
camera_name: waddlepower/camera_node
distortion_coefficients:
  cols: 5
  data: [-0.3023647405121718, 0.08065839911212669, 0.0001473094295743507, 0.001061579696720629,
    0.0]
  rows: 1
distortion_model: plumb_bob
image_height: 480
image_width: 640
projection_matrix:
  cols: 4
  data: [245.5976104736328, 0.0, 315.4708047389249, 0.0, 0.0, 269.5913391113281, 239.85178162847114,
    0.0, 0.0, 0.0, 1.0, 0.0]
  rows: 3
rectification_matrix:
  cols: 3
  data: [1.0, 0.0, 0.0, 0.0, 1.0, 0.0, 0.0, 0.0, 1.0]
  rows: 3
