camera_matrix:
  cols: 3
  data: [325.63839223577185, 0.0, 305.55866722040855, 0.0, 325.5289099425196, 253.58741173083814,
    0.0, 0.0, 1.0]
  rows: 3
camera_name: watchtower11/camera_node
distortion_coefficients:
  cols: 5
  data: [-0.25689289421957373, 0.050318693092184785, -0.005178879244766149, -0.003318023667236891,
    0.0]
  rows: 1
distortion_model: plumb_bob
image_height: 480
image_width: 640
projection_matrix:
  cols: 4
  data: [231.75132751464844, 0.0, 299.7320112376383, 0.0, 0.0, 269.5314636230469,
    254.47172956532086, 0.0, 0.0, 0.0, 1.0, 0.0]
  rows: 3
rectification_matrix:
  cols: 3
  data: [1.0, 0.0, 0.0, 0.0, 1.0, 0.0, 0.0, 0.0, 1.0]
  rows: 3
