camera_matrix:
  cols: 3
  data: [336.81927450206604, 0.0, 296.3176024049616, 0.0, 334.9533021282868, 236.22578061885713,
    0.0, 0.0, 1.0]
  rows: 3
camera_name: watchtower01/camera_node
distortion_coefficients:
  cols: 5
  data: [-0.2800875121848318, 0.05632038551797813, -0.000796864108936059, 0.0004071401857893996,
    0.0]
  rows: 1
distortion_model: plumb_bob
image_height: 480
image_width: 640
projection_matrix:
  cols: 4
  data: [234.91445922851562, 0.0, 295.60587339965423, 0.0, 0.0, 273.525390625, 233.1682390527567,
    0.0, 0.0, 0.0, 1.0, 0.0]
  rows: 3
rectification_matrix:
  cols: 3
  data: [1.0, 0.0, 0.0, 0.0, 1.0, 0.0, 0.0, 0.0, 1.0]
  rows: 3
