camera_matrix:
  cols: 3
  data: [333.5234038441344, 0.0, 331.38382482851216, 0.0, 333.205648762077, 225.7718154841962,
    0.0, 0.0, 1.0]
  rows: 3
camera_name: watchtower01/camera_node
distortion_coefficients:
  cols: 5
  data: [-0.2630331905829712, 0.04810928694988489, -0.0015210448285297017, 0.0010678306004563087,
    0.0]
  rows: 1
distortion_model: plumb_bob
image_height: 480
image_width: 640
projection_matrix:
  cols: 4
  data: [227.82823181152344, 0.0, 334.0042452222333, 0.0, 0.0, 274.3004455566406,
    216.61410581108248, 0.0, 0.0, 0.0, 1.0, 0.0]
  rows: 3
rectification_matrix:
  cols: 3
  data: [1.0, 0.0, 0.0, 0.0, 1.0, 0.0, 0.0, 0.0, 1.0]
  rows: 3
