camera_matrix:
  cols: 3
  data: [336.7755634193813, 0.0, 333.3575643300718, 0.0, 336.02729840829176, 212.77376312080065,
    0.0, 0.0, 1.0]
  rows: 3
camera_name: watchtower10/camera_node
distortion_coefficients:
  cols: 5
  data: [-0.2967039649743125, 0.06795775093662262, 0.0008927768064001824, -0.001327854648098482,
    0.0]
  rows: 1
distortion_model: plumb_bob
image_height: 480
image_width: 640
projection_matrix:
  cols: 4
  data: [238.47206115722656, 0.0, 333.0992631095796, 0.0, 0.0, 268.8979187011719,
    198.96466836059517, 0.0, 0.0, 0.0, 1.0, 0.0]
  rows: 3
rectification_matrix:
  cols: 3
  data: [1.0, 0.0, 0.0, 0.0, 1.0, 0.0, 0.0, 0.0, 1.0]
  rows: 3
