camera_matrix:
  cols: 3
  data: [338.53054663899275, 0.0, 310.3581917378641, 0.0, 338.29566348880707, 235.1347559355113,
    0.0, 0.0, 1.0]
  rows: 3
camera_name: watchtower15/camera_node
distortion_coefficients:
  cols: 5
  data: [-0.29448165789725333, 0.0680189507966307, 0.0010780216245754794, 1.9455224021304277e-05,
    0.0]
  rows: 1
distortion_model: plumb_bob
image_height: 480
image_width: 640
projection_matrix:
  cols: 4
  data: [240.99795532226562, 0.0, 312.1348897376738, 0.0, 0.0, 276.306884765625, 233.7659550315002,
    0.0, 0.0, 0.0, 1.0, 0.0]
  rows: 3
rectification_matrix:
  cols: 3
  data: [1.0, 0.0, 0.0, 0.0, 1.0, 0.0, 0.0, 0.0, 1.0]
  rows: 3
