camera_matrix:
  cols: 3
  data: [330.6417031328422, 0.0, 309.27128702632405, 0.0, 330.45849776619326, 230.83538061177117,
    0.0, 0.0, 1.0]
  rows: 3
camera_name: watchtower02/camera_node
distortion_coefficients:
  cols: 5
  data: [-0.2650143188140308, 0.0508779840720186, 0.0007583405254207447, -0.0020665035910059876,
    0.0]
  rows: 1
distortion_model: plumb_bob
image_height: 480
image_width: 640
projection_matrix:
  cols: 4
  data: [228.7599334716797, 0.0, 306.2424356334941, 0.0, 0.0, 272.3541259765625, 226.88730284608027,
    0.0, 0.0, 0.0, 1.0, 0.0]
  rows: 3
rectification_matrix:
  cols: 3
  data: [1.0, 0.0, 0.0, 0.0, 1.0, 0.0, 0.0, 0.0, 1.0]
  rows: 3
