camera_matrix:
  cols: 3
  data: [337.4604944423387, 0.0, 308.84122934658194, 0.0, 337.6580088028517, 236.02870453513754,
    0.0, 0.0, 1.0]
  rows: 3
camera_name: watchtower20/camera_node
distortion_coefficients:
  cols: 5
  data: [-0.2722940735325721, 0.05086681733209907, 0.0023349528639053166, 0.0004687890119062746,
    0.0]
  rows: 1
distortion_model: plumb_bob
image_height: 480
image_width: 640
projection_matrix:
  cols: 4
  data: [226.96392822265625, 0.0, 309.15833617194585, 0.0, 0.0, 279.1911926269531,
    236.55195592693417, 0.0, 0.0, 0.0, 1.0, 0.0]
  rows: 3
rectification_matrix:
  cols: 3
  data: [1.0, 0.0, 0.0, 0.0, 1.0, 0.0, 0.0, 0.0, 1.0]
  rows: 3
