camera_matrix:
  cols: 3
  data: [319.96267363352945, 0.0, 311.20851075050774, 0.0, 319.4047995042473, 263.7050565470755,
    0.0, 0.0, 1.0]
  rows: 3
camera_name: watchtower02/camera_node
distortion_coefficients:
  cols: 5
  data: [-0.24568421749476585, 0.042540969676862474, -0.0045762456850947, -0.001295635975859674,
    0.0]
  rows: 1
distortion_model: plumb_bob
image_height: 480
image_width: 640
projection_matrix:
  cols: 4
  data: [219.5116729736328, 0.0, 311.03198569753295, 0.0, 0.0, 262.8798522949219,
    270.6324909519244, 0.0, 0.0, 0.0, 1.0, 0.0]
  rows: 3
rectification_matrix:
  cols: 3
  data: [1.0, 0.0, 0.0, 0.0, 1.0, 0.0, 0.0, 0.0, 1.0]
  rows: 3
