camera_matrix:
  cols: 3
  data: [333.69609484249617, 0.0, 316.6088828220628, 0.0, 332.775512737496, 230.50118739498217,
    0.0, 0.0, 1.0]
  rows: 3
camera_name: watchtower01/camera_node
distortion_coefficients:
  cols: 5
  data: [-0.2748951185664835, 0.0540309673459121, 0.00019327969844898566, 0.0007221243007046829,
    0.0]
  rows: 1
distortion_model: plumb_bob
image_height: 480
image_width: 640
projection_matrix:
  cols: 4
  data: [228.20579528808594, 0.0, 318.6855009532519, 0.0, 0.0, 272.43890380859375,
    225.49352873900352, 0.0, 0.0, 0.0, 1.0, 0.0]
  rows: 3
rectification_matrix:
  cols: 3
  data: [1.0, 0.0, 0.0, 0.0, 1.0, 0.0, 0.0, 0.0, 1.0]
  rows: 3
