camera_matrix:
  cols: 3
  data: [336.5893353328962, 0.0, 314.78227524933385, 0.0, 336.5446030335359, 245.51027520982424,
    0.0, 0.0, 1.0]
  rows: 3
camera_name: watchtower01/camera_node
distortion_coefficients:
  cols: 5
  data: [-0.27234938318416935, 0.05259619895349633, -0.004147575161547356, -0.0012928383341818013,
    0.0]
  rows: 1
distortion_model: plumb_bob
image_height: 480
image_width: 640
projection_matrix:
  cols: 4
  data: [228.301513671875, 0.0, 313.43180268394644, 0.0, 0.0, 278.3921203613281, 243.73074809541686,
    0.0, 0.0, 0.0, 1.0, 0.0]
  rows: 3
rectification_matrix:
  cols: 3
  data: [1.0, 0.0, 0.0, 0.0, 1.0, 0.0, 0.0, 0.0, 1.0]
  rows: 3
