camera_matrix:
  cols: 3
  data: [328.5040219497147, 0.0, 317.386102077566, 0.0, 328.771664405522, 234.01311017144175,
    0.0, 0.0, 1.0]
  rows: 3
camera_name: watchtower27/camera_node
distortion_coefficients:
  cols: 5
  data: [-0.25269941799672424, 0.04535705956743289, -0.007192046303408205, 0.00121428042371158,
    0.0]
  rows: 1
distortion_model: plumb_bob
image_height: 480
image_width: 640
projection_matrix:
  cols: 4
  data: [220.51255798339844, 0.0, 319.7303651766979, 0.0, 0.0, 271.89947509765625,
    222.8297634000446, 0.0, 0.0, 0.0, 1.0, 0.0]
  rows: 3
rectification_matrix:
  cols: 3
  data: [1.0, 0.0, 0.0, 0.0, 1.0, 0.0, 0.0, 0.0, 1.0]
  rows: 3
