camera_matrix:
  cols: 3
  data: [339.15550402000855, 0.0, 312.90919897326904, 0.0, 338.4113479998161, 229.66787002027849,
    0.0, 0.0, 1.0]
  rows: 3
camera_name: watchtower01/camera_node
distortion_coefficients:
  cols: 5
  data: [-0.2792252132696567, 0.0550158270637547, 5.3291634695234536e-05, 0.0014379622275344907,
    0.0]
  rows: 1
distortion_model: plumb_bob
image_height: 480
image_width: 640
projection_matrix:
  cols: 4
  data: [229.71607971191406, 0.0, 317.3845312136218, 0.0, 0.0, 278.0533447265625,
    224.14758804059238, 0.0, 0.0, 0.0, 1.0, 0.0]
  rows: 3
rectification_matrix:
  cols: 3
  data: [1.0, 0.0, 0.0, 0.0, 1.0, 0.0, 0.0, 0.0, 1.0]
  rows: 3
