camera_matrix:
  cols: 3
  data: [336.2353936504158, 0.0, 330.90018523304286, 0.0, 335.1305381365472, 226.12831254306283,
    0.0, 0.0, 1.0]
  rows: 3
camera_name: watchtower02/camera_node
distortion_coefficients:
  cols: 5
  data: [-0.27891327462288, 0.05602198689722254, 0.0004161749787976909, 0.0021734097282496766,
    0.0]
  rows: 1
distortion_model: plumb_bob
image_height: 480
image_width: 640
projection_matrix:
  cols: 4
  data: [232.27932739257812, 0.0, 331.9029625638468, 0.0, 0.0, 273.64617919921875,
    219.005806679339, 0.0, 0.0, 0.0, 1.0, 0.0]
  rows: 3
rectification_matrix:
  cols: 3
  data: [1.0, 0.0, 0.0, 0.0, 1.0, 0.0, 0.0, 0.0, 1.0]
  rows: 3
