camera_matrix:
  cols: 3
  data: [332.9724401058456, 0.0, 310.11642763151, 0.0, 333.398286838032, 239.7499321033793,
    0.0, 0.0, 1.0]
  rows: 3
camera_name: watchtower02/camera_node
distortion_coefficients:
  cols: 5
  data: [-0.26463933457865657, 0.05065190605196731, 0.0015100955060389607, -0.0024851757639776807,
    0.0]
  rows: 1
distortion_model: plumb_bob
image_height: 480
image_width: 640
projection_matrix:
  cols: 4
  data: [229.4254608154297, 0.0, 303.6236560933303, 0.0, 0.0, 276.4595642089844, 241.32018843233345,
    0.0, 0.0, 0.0, 1.0, 0.0]
  rows: 3
rectification_matrix:
  cols: 3
  data: [1.0, 0.0, 0.0, 0.0, 1.0, 0.0, 0.0, 0.0, 1.0]
  rows: 3
