camera_matrix:
  cols: 3
  data: [332.8300977616454, 0.0, 313.2534024942383, 0.0, 332.87125749928356, 230.0163913372321,
    0.0, 0.0, 1.0]
  rows: 3
camera_name: watchtower01/camera_node
distortion_coefficients:
  cols: 5
  data: [-0.2660029825440778, 0.049062426819545805, -0.00044505630550823155, -0.0006848782326803716,
    0.0]
  rows: 1
distortion_model: plumb_bob
image_height: 480
image_width: 640
projection_matrix:
  cols: 4
  data: [224.19407653808594, 0.0, 313.5015999304396, 0.0, 0.0, 274.2485046386719,
    224.17492287963796, 0.0, 0.0, 0.0, 1.0, 0.0]
  rows: 3
rectification_matrix:
  cols: 3
  data: [1.0, 0.0, 0.0, 0.0, 1.0, 0.0, 0.0, 0.0, 1.0]
  rows: 3
