camera_matrix:
  cols: 3
  data: [333.2071157099518, 0.0, 301.4053390475209, 0.0, 332.8915654961649, 243.0208402847375,
    0.0, 0.0, 1.0]
  rows: 3
camera_name: watchtower01/camera_node
distortion_coefficients:
  cols: 5
  data: [-0.2847113782463604, 0.062263265906248276, 0.0002968798412691477, 2.336954968787847e-05,
    0.0]
  rows: 1
distortion_model: plumb_bob
image_height: 480
image_width: 640
projection_matrix:
  cols: 4
  data: [234.9351806640625, 0.0, 303.89687754012994, 0.0, 0.0, 271.2248229980469,
    245.03469090025646, 0.0, 0.0, 0.0, 1.0, 0.0]
  rows: 3
rectification_matrix:
  cols: 3
  data: [1.0, 0.0, 0.0, 0.0, 1.0, 0.0, 0.0, 0.0, 1.0]
  rows: 3
