camera_matrix:
  cols: 3
  data: [338.9962738309334, 0.0, 304.68672268007805, 0.0, 338.2103401078305, 218.79056997710455,
    0.0, 0.0, 1.0]
  rows: 3
camera_name: watchtower01/camera_node
distortion_coefficients:
  cols: 5
  data: [-0.2851858940703169, 0.06086804924892164, 0.0019903023244714785, 0.0024134810700962993,
    0.0]
  rows: 1
distortion_model: plumb_bob
image_height: 480
image_width: 640
projection_matrix:
  cols: 4
  data: [237.41493225097656, 0.0, 310.4916292757025, 0.0, 0.0, 276.03466796875, 209.88192020062706,
    0.0, 0.0, 0.0, 1.0, 0.0]
  rows: 3
rectification_matrix:
  cols: 3
  data: [1.0, 0.0, 0.0, 0.0, 1.0, 0.0, 0.0, 0.0, 1.0]
  rows: 3
