camera_matrix:
  cols: 3
  data: [337.470341233852, 0.0, 310.4984489993271, 0.0, 337.45834399478423, 232.58386257365805,
    0.0, 0.0, 1.0]
  rows: 3
camera_name: watchtower26/camera_node
distortion_coefficients:
  cols: 5
  data: [-0.27761642801008457, 0.05630689159799752, 0.004729628310098815, -0.0011996656835772171,
    0.0]
  rows: 1
distortion_model: plumb_bob
image_height: 480
image_width: 640
projection_matrix:
  cols: 4
  data: [233.3030548095703, 0.0, 310.1549312443567, 0.0, 0.0, 278.56964111328125,
    234.0268841454781, 0.0, 0.0, 0.0, 1.0, 0.0]
  rows: 3
rectification_matrix:
  cols: 3
  data: [1.0, 0.0, 0.0, 0.0, 1.0, 0.0, 0.0, 0.0, 1.0]
  rows: 3
