camera_matrix:
  cols: 3
  data: [334.68915069378215, 0.0, 315.8779966486089, 0.0, 334.1624009473904, 230.86468150939012,
    0.0, 0.0, 1.0]
  rows: 3
camera_name: yaf/camera_node
distortion_coefficients:
  cols: 5
  data: [-0.3187924928841534, 0.09136246970584974, 0.0004911147982570086, 0.0005752174861531434,
    0.0]
  rows: 1
distortion_model: plumb_bob
image_height: 480
image_width: 640
projection_matrix:
  cols: 4
  data: [251.4043731689453, 0.0, 316.5812079395091, 0.0, 0.0, 268.5838317871094, 226.76429710690172,
    0.0, 0.0, 0.0, 1.0, 0.0]
  rows: 3
rectification_matrix:
  cols: 3
  data: [1.0, 0.0, 0.0, 0.0, 1.0, 0.0, 0.0, 0.0, 1.0]
  rows: 3
