camera_matrix:
  cols: 3
  data: [336.7414990674904, 0.0, 321.1845919845025, 0.0, 336.21763092606136, 230.6283279010274,
    0.0, 0.0, 1.0]
  rows: 3
camera_name: yaf/camera_node
distortion_coefficients:
  cols: 5
  data: [-0.29855492444639203, 0.07152806197191001, 0.0008053963848045838, -7.741848148848631e-05,
    0.0]
  rows: 1
distortion_model: plumb_bob
image_height: 480
image_width: 640
projection_matrix:
  cols: 4
  data: [242.96847534179688, 0.0, 321.0004525946388, 0.0, 0.0, 272.97406005859375,
    226.48730792973583, 0.0, 0.0, 0.0, 1.0, 0.0]
  rows: 3
rectification_matrix:
  cols: 3
  data: [1.0, 0.0, 0.0, 0.0, 1.0, 0.0, 0.0, 0.0, 1.0]
  rows: 3
